{"id":"midSegmentPointRoundness","name":"midSegmentPointRoundness","metaData":{},"nodes":[{"id":"midSegmentRoundness","data":{"name":"midSegmentRoundness","type":"blendMatrix","attributes":[{"isDynamic":false,"children":[{"isDynamic":false,"isChild":true,"name":"target[0].targetMatrix","default":[1.0,0.0,0.0,0.0,0.0,1.0,0.0,0.0,0.0,0.0,1.0,0.0,0.0,0.0,0.0,1.0],"Type":14,"value":[0.012094915381821366,-0.8675894187880027,-0.4971341000464587,0.0,-0.9998194396994038,-0.017780169827813292,0.006704741610541058,0.0,-0.014656091603036124,0.496963244081481,-0.8676478162312941,0.0,9.621098655416668,10.737291165392646,6.926502572024921,1.0]},{},{"isDynamic":false,"isChild":true,"name":"target[0].weight","default":1.0,"Type":6,"value":0.29871878027915955},{"isDynamic":false,"isChild":true,"name":"target[0].scaleWeight","default":1.0,"Type":6,"value":0.0},{},{"isDynamic":false,"isChild":true,"name":"target[0].rotateWeight","default":1.0,"Type":6,"value":0.0},{"isDynamic":false,"isChild":true,"name":"target[0].shearWeight","default":1.0,"Type":6,"value":0.0}],"keyable":true,"isElement":true,"name":"target[0]","default":null,"Type":22,"value":[[0.012094915381821366,-0.8675894187880027,-0.4971341000464587,0.0,-0.9998194396994038,-0.017780169827813292,0.006704741610541058,0.0,-0.014656091603036124,0.496963244081481,-0.8676478162312941,0.0,9.621098655416668,10.737291165392646,6.926502572024921,1.0],true,0.29871878027915955,0.0,1.0,0.0,0.0]},{"isDynamic":false,"keyable":true,"name":"inputMatrix","default":[1.0,0.0,0.0,0.0,0.0,1.0,0.0,0.0,0.0,0.0,1.0,0.0,0.0,0.0,0.0,1.0],"Type":14,"value":[0.012094915381821366,-0.8675894187880027,-0.4971341000464587,0.0,-0.9998194396994038,-0.017780169827813292,0.006704741610541058,0.0,-0.014656091603036124,0.496963244081481,-0.8676478162312941,0.0,9.519613137716686,14.178493190428012,0.9185101142505072,1.0]}]}},{"id":"midSegmentRotation","data":{"name":"midSegmentRotation","type":"aimMatrix","attributes":[{"isDynamic":false,"keyable":true,"name":"inputMatrix","default":[1.0,0.0,0.0,0.0,0.0,1.0,0.0,0.0,0.0,0.0,1.0,0.0,0.0,0.0,0.0,1.0],"Type":14,"value":[0.005662408250367123,-0.7148280820188455,0.699277305716455,0.0,0.0009144864972415734,0.6992919256303739,0.7148356219877477,0.0,-0.9999835502883296,-0.003408211469694499,0.004613376997959939,0.0,9.519613137716686,14.178493190428012,0.9185101142505072,1.0]},{"isDynamic":false,"children":[{"isDynamic":false,"children":[{"isDynamic":false,"isChild":true,"name":"primaryInputAxisX","default":1.0,"Type":6,"value":-1.0},{},{}],"keyable":true,"isChild":true,"name":"primaryInputAxis","default":[1.0,0.0,0.0],"Type":30,"value":[-1.0,-0.0,-0.0]},{"name":"primaryMode","value":1},{},{"isDynamic":false,"isChild":true,"name":"primaryTargetMatrix","default":[1.0,0.0,0.0,0.0,0.0,1.0,0.0,0.0,0.0,0.0,1.0,0.0,0.0,0.0,0.0,1.0],"Type":14,"value":[0.01685416198146672,-0.9927199543291944,-0.11926034336922443,0.0,-0.999819439709963,-0.01778016907039314,0.006704742044547648,0.0,-0.008776400284750303,0.119125806878573,-0.9928403783758857,0.0,9.4059159609689,22.334190388665867,5.591775024006305,1.0]}],"name":"primary","default":null,"Type":22,"value":[[-1.0,-0.0,-0.0],1,[0.0,0.0,0.0],[0.01685416198146672,-0.9927199543291944,-0.11926034336922443,0.0,-0.999819439709963,-0.01778016907039314,0.006704742044547648,0.0,-0.008776400284750303,0.119125806878573,-0.9928403783758857,0.0,9.4059159609689,22.334190388665867,5.591775024006305,1.0]]},{"isDynamic":false,"children":[{},{"isDynamic":false,"isChild":true,"name":"secondaryMode","default":0,"Type":12,"value":1,"enums":["None","Aim","Align"]},{},{"isDynamic":false,"isChild":true,"name":"secondaryTargetMatrix","default":[1.0,0.0,0.0,0.0,0.0,1.0,0.0,0.0,0.0,0.0,1.0,0.0,0.0,0.0,0.0,1.0],"Type":14,"value":[0.01685416198146672,-0.9927199543291944,-0.11926034336922443,0.0,-0.999819439709963,-0.01778016907039314,0.006704742044547648,0.0,-0.008776400284750303,0.119125806878573,-0.9928403783758857,0.0,-0.5922784361307301,22.156388697961937,5.658822444451781,1.0]}],"keyable":true,"name":"secondary","default":null,"Type":22,"value":[[0.0,1.0,0.0],1,[0.0,0.0,0.0],[0.01685416198146672,-0.9927199543291944,-0.11926034336922443,0.0,-0.999819439709963,-0.01778016907039314,0.006704742044547648,0.0,-0.008776400284750303,0.119125806878573,-0.9928403783758857,0.0,-0.5922784361307301,22.156388697961937,5.658822444451781,1.0]]}]}},{"id":"midSegmentPosTargetOffset","data":{"name":"midSegmentPosTargetOffset","type":"multMatrix","attributes":[{"isDynamic":false,"keyable":true,"isElement":true,"name":"matrixIn[0]","default":[1.0,0.0,0.0,0.0,0.0,1.0,0.0,0.0,0.0,0.0,1.0,0.0,0.0,0.0,0.0,1.0],"Type":14,"value":[1.0,0.0,0.0,0.0,0.0,1.0,0.0,0.0,0.0,0.0,1.0,0.0,0.0,0.0,-6.924459838867188,1.0]},{"isDynamic":false,"keyable":true,"isElement":true,"name":"matrixIn[1]","default":[1.0,0.0,0.0,0.0,0.0,1.0,0.0,0.0,0.0,0.0,1.0,0.0,0.0,0.0,0.0,1.0],"Type":14,"value":[0.012094915381821366,-0.8675894187880027,-0.4971341000464587,0.0,-0.9998194396994038,-0.017780169827813292,0.006704741610541058,0.0,-0.014656091603036124,0.496963244081481,-0.8676478162312941,0.0,9.519613137716686,14.178493190428012,0.9185101142505072,1.0]}]}},{"id":"midSegmentPosition","data":{"name":"midSegmentPosition","type":"blendMatrix","attributes":[{"isDynamic":false,"children":[{"isDynamic":false,"isChild":true,"name":"target[0].targetMatrix","default":[1.0,0.0,0.0,0.0,0.0,1.0,0.0,0.0,0.0,0.0,1.0,0.0,0.0,0.0,0.0,1.0],"Type":14,"value":[0.01685416198146672,-0.9927199543291944,-0.11926034336922443,0.0,-0.999819439709963,-0.01778016907039314,0.006704742044547648,0.0,-0.008776400284750303,0.119125806878573,-0.9928403783758857,0.0,9.4059159609689,22.334190388665867,5.591775024006305,1.0]},{},{"isDynamic":false,"isChild":true,"name":"target[0].weight","default":1.0,"Type":6,"value":0.5},{"isDynamic":false,"isChild":true,"name":"target[0].scaleWeight","default":1.0,"Type":6,"value":0.0},{},{"isDynamic":false,"isChild":true,"name":"target[0].rotateWeight","default":1.0,"Type":6,"value":0.0},{"isDynamic":false,"isChild":true,"name":"target[0].shearWeight","default":1.0,"Type":6,"value":0.0}],"keyable":true,"isElement":true,"name":"target[0]","default":null,"Type":22,"value":[[0.01685416198146672,-0.9927199543291944,-0.11926034336922443,0.0,-0.999819439709963,-0.01778016907039314,0.006704742044547648,0.0,-0.008776400284750303,0.119125806878573,-0.9928403783758857,0.0,9.4059159609689,22.334190388665867,5.591775024006305,1.0],true,0.5,0.0,1.0,0.0,0.0]},{"isDynamic":false,"keyable":true,"name":"inputMatrix","default":[1.0,0.0,0.0,0.0,0.0,1.0,0.0,0.0,0.0,0.0,1.0,0.0,0.0,0.0,0.0,1.0],"Type":14,"value":[0.005662408250367123,-0.7148280820188454,0.6992773057164553,0.0,0.0009144864972414615,0.6992919256303742,0.7148356219877475,0.0,-0.9999835502883299,-0.0034082114696945575,0.004613376997959717,0.0,9.633310314464474,6.022795992190158,-3.7547547955052902,1.0]}]}}],"connections":[{"sourcePlug":"outputMatrix","source":"midSegmentRotation","destinationPlug":"inputMatrix","destination":"midSegmentRoundness"},{"sourcePlug":"matrixSum","source":"midSegmentPosTargetOffset","destinationPlug":"target[0].targetMatrix","destination":"midSegmentRoundness"},{"sourcePlug":"outputMatrix","source":"midSegmentPosition","destinationPlug":"inputMatrix","destination":"midSegmentRotation"},{"sourcePlug":"outputMatrix","source":"midSegmentRotation","destinationPlug":"matrixIn[1]","destination":"midSegmentPosTargetOffset"}],"inputs":{"blendWeightsDummy":["midSegmentPosition:target[0].rotateWeight"],"endWorldMatrix":["midSegmentPosition:target[0].targetMatrix","midSegmentRotation:primaryTargetMatrix"],"upVectorMtx":["midSegmentRotation:secondaryTargetMatrix"],"roundnessLocalOffset":["midSegmentPosTargetOffset:matrixIn[0]"],"startWorldMatrix":["midSegmentPosition:inputMatrix"],"positionBlend":["midSegmentPosition:target[0].weight"],"offsetBlend":["midSegmentRoundness:target[0].weight"]},"outputs":{"outputRoundnessMtx":"midSegmentRoundness:outputMatrix","outputNoRoundnessMtx":"midSegmentRotation:outputMatrix"}}